8000
160
134
10
1.000000
1.000000
1.000000
1.000000
1.000000
1.000000
1.000000
1.000000
1.000000
1.000000
1.000000
1.000000
1.000000
1.000000
1.000000
1.000000
1.000000
1.000000
1.000000
1.000000
1.000000
1.000000
1.000000
1.000000
1.000000
1.000000
1.000000
1.000000
1.000000
1.000000
1.000000
1.000000
1.000000
1.000000
1.000000
1.000000
1.000000
1.000000
1.000000
1.000000
1.000000
1.000000
1.000000
1.000000
1.000000
1.000000
1.000000
1.000000
1.000000
1.000000
1.000000
1.000000
1.000000
1.000000
1.000000
1.000000
1.000000
1.000000
1.000000
1.000000
1.000000
1.000000
1.000000
1.000000
1.000000
1.000000
1.000000
1.000000
1.000000
1.000000
1.000000
1.000000
1.000000
1.000000
1.000000
1.000000
1.000000
1.000000
1.000000
1.000000
1.000000
1.000000
1.000000
1.000000
1.000000
1.000000
1.000000
1.000000
1.000000
1.000000
1.000000
1.000000
1.000000
1.000000
1.000000
1.000000
1.000000
1.000000
1.000000
1.000000
1.000000
1.000000
1.000000
1.000000
1.000000
1.000000
1.000000
1.000000
1.000000
1.000000
1.000000
1.000000
1.000000
1.000000
1.000000
1.000000
1.000000
1.000000
1.000000
1.000000
1.000000
1.000000
1.000000
1.000000
1.000000
1.000000
1.000000
1.000000
1.000000
1.000000
1.000000
1.000000
1.000000
1.000000
-0.106731
0.129981
0.240726
0.152954
0.335026
0.457937
0.628791
0.888127
1.008680
1.165734
1.160668
1.321797
1.419951
1.256051
1.069305
1.180064
1.092689
0.114146
0.408909
0.390396
0.029715
0.687523
-0.037208
-0.008199
-0.434378
1.148332
1.703351
1.583768
0.701191
0.231832
-0.031020
-0.457296
-0.196321
0.302103
-0.276357
-0.787671
-0.860147
-0.734764
-0.931324
0.605560
1.030499
1.084902
1.121547
0.966285
0.991481
0.988804
0.998439
1.065071
1.113868
1.236220
0.817065
0.984163
0.991563
0.362212
-0.225197
-1.004265
-0.868381
-0.396000
0.200816
0.424446
0.434483
0.735259
0.829646
0.728507
0.722921
0.833486
0.549035
0.585575
0.732810
0.771541
0.964291
0.659265
0.505023
0.722838
0.840019
0.689673
0.065385
-0.110038
-0.142748
-0.497640
-0.739688
-1.140712
-1.234247
-1.148181
-0.934211
-0.683413
-0.410123
-0.382199
-0.385509
-0.434173
0.004612
0.972974
1.177841
1.194481
0.847368
-0.693938
-0.807096
-0.822756
-1.074372
-0.995554
-0.880521
-0.916521
-0.883383
-1.025323
-1.002135
-1.219474
-1.113067
-0.983568
-1.015917
-0.896646
-0.485500
-0.132730
0.388904
0.380757
0.485950
0.490774
0.024018
-0.648703
-0.482773
-0.353290
-0.518291
-0.417454
-0.464122
-0.708308
-0.064443
-0.228863
-0.406910
-0.449096
-0.060578
-0.215227
-0.284948
-0.160067
-0.206541
-0.118846
0.137502
0.330687
0.254750
0.060370
-0.123841
-0.201824
-0.080938
-0.158692
0.083669
0.254567
0.283957
0.551726
0.697918
0.377018
0.258666
0.549850
0.647373
0.272495
0.200882
-0.039412
0.092589
-0.011532
-0.020644
-0.141524
0.331892
1.046157
2.005786
2.081803
0.987601
0.250393
-0.261170
0.154959
-0.160284
0.679682
-0.288986
0.223724
0.364869
0.318920
0.215424
0.042857
0.406591
0.569138
0.631977
0.186679
0.247713
0.299294
0.267926
0.392185
0.719295
0.751485
0.110962
0.528733
0.425197
0.161121
0.465384
1.129505
1.052377
0.720834
0.167937
0.057773
-0.053641
-0.107576
-0.216427
-0.392821
-0.434428
-0.482170
-0.630903
-0.759650
-0.449807
-0.569219
-0.459915
-0.547248
-0.616409
-0.496480
-0.434570
-0.332103
0.262388
0.037580
-0.005081
0.158436
-0.168902
0.166946
0.205772
0.010291
-0.619894
-0.830357
-1.016972
-1.243768
-1.312231
-1.168085
-0.558794
0.216760
0.468839
0.194255
-0.312646
0.204102
0.220441
0.327669
0.688100
0.241402
-0.122575
-0.041030
-0.051205
0.010182
-0.051698
0.164585
0.084074
0.107517
0.584727
0.806850
0.641810
0.380953
0.071289
0.070844
0.088886
-0.110330
0.208961
0.114841
0.005783
-0.049739
0.309939
0.158352
0.297105
0.577838
-0.144308
0.217027
0.011851
0.108085
0.059039
-0.006863
-0.056363
-0.164118
0.054678
-0.006847
-0.011634
-0.131495
0.100441
0.172822
0.080502
-0.236711
-0.203619
-0.095657
0.047792
-0.003288
-0.047427
0.080409
0.224859
0.092246
0.078029
0.299795
0.222724
-0.658899
-0.675216
-0.813678
-0.257502
-0.146127
-0.138500
-0.148450
0.458643
0.961562
1.947343
2.016044
0.475770
-0.242631
-0.153352
-0.250766
-0.444606
-0.199302
-0.015782
-0.077263
-0.023397
-0.119173
0.090796
0.167491
0.252534
0.338805
0.593756
0.189403
0.148056
0.148201
0.043355
0.036055
0.295383
0.303372
-0.073695
0.293656
0.093953
-0.381326
-0.251231
-0.803705
-0.922361
-1.006355
-0.784173
-0.804161
-0.851478
-1.254611
-1.552229
-1.522889
-1.420532
-1.583052
-1.415419
-1.435187
-1.426309
-1.723860
-1.883253
-1.229120
-1.326691
-1.610608
-1.721462
-1.429853
-0.582713
-0.266699
-0.121549
0.334441
0.687626
0.489396
0.183111
0.276829
0.517696
0.425200
0.202989
0.262345
0.278240
0.428911
-0.059631
0.149665
0.274133
-0.123353
-0.407676
-0.527197
-0.383109
-0.512062
-0.847319
0.196227
0.695190
0.768973
0.744576
0.783670
0.878131
0.953719
0.827829
0.567044
-0.247658
-0.629830
-0.588637
-0.702219
-0.889306
-1.108645
-1.080171
-1.008654
-0.872821
-0.564136
-0.528074
-0.388150
-0.594456
-0.628324
-0.530337
-0.566635
-0.231624
0.014064
0.231811
-0.113063
-0.312512
-0.114631
-0.041719
-0.143905
-0.082872
-0.231181
-0.078090
-0.068867
-0.212091
-0.037469
-0.122581
-0.175423
-0.404829
-0.044064
-0.010412
-0.143669
-0.177180
-0.225522
-0.144955
0.071202
-0.027085
-0.060032
-0.058499
-0.164010
-0.514861
-0.577003
-0.365342
-0.876735
-0.122174
-0.182733
0.041184
0.701268
1.450138
1.735091
0.374226
-0.247126
-0.160008
-0.070426
-0.176917
-0.189568
0.659442
0.981748
0.875584
0.914280
0.308773
-0.049911
-0.046289
0.009586
0.276359
0.022571
-0.072243
-0.070063
-0.076635
-0.331527
-0.052615
-0.197878
-0.140656
-0.083283
0.050703
0.022975
-0.102838
0.142013
0.264746
0.218434
-0.432593
-0.594161
-0.533625
-0.975189
-1.169805
-0.862081
-0.603148
-0.873695
-0.418208
-0.352043
-0.641769
-0.934886
-1.181490
-0.400390
-0.398475
-0.710968
-0.901393
-0.765483
-0.467486
-0.126241
-0.036014
0.061063
0.026582
0.081250
0.298886
0.001681
0.539297
0.743197
0.917468
1.131658
1.495037
1.262720
0.264650
0.113173
0.077494
-0.082618
-0.111364
0.328607
0.297919
0.261661
0.625161
0.031514
0.240463
0.236311
0.271925
0.238736
0.108436
-0.163514
0.102224
0.293916
0.978938
1.017179
0.634819
0.183855
-0.711477
-0.498527
-0.838219
-0.860062
-0.621077
0.025172
-0.160132
-0.123371
-0.051083
0.036211
-0.090852
0.128868
-0.107289
0.163947
-0.073265
-0.119429
-0.177982
-0.016222
-0.097104
-0.072754
-0.067084
-0.037517
-0.225826
-0.252585
-0.218476
-0.143357
-0.224044
-0.191503
-0.304578
-0.202320
-0.314216
-0.347371
-0.322255
-0.429772
-0.374012
-0.055230
-0.126751
-0.362475
-0.297004
-0.353328
-0.205332
0.114258
0.021880
-0.776942
-0.179423
-0.207254
-0.110205
0.248439
0.675732
0.921161
0.072782
-0.459589
-0.043378
-0.256286
0.026277
-0.446274
-0.043642
-0.652851
-0.589762
-0.463773
-0.041683
-0.071924
-0.191748
-0.217832
-0.262155
-0.231127
-0.287892
-0.188877
-0.346079
-0.554118
-0.289925
-0.609945
-0.156529
-0.374176
-0.201317
-0.089091
-0.246674
-0.318233
-0.572969
-0.742082
-0.394316
-0.183836
0.001204
0.079870
0.166196
0.410365
0.531009
0.589839
0.824535
1.062735
0.603497
0.774846
0.711794
0.524543
0.674025
0.707284
0.725540
0.496220
-0.326247
-0.217716
-0.215353
-0.108761
-0.153956
-0.191936
-0.367497
-0.066137
-0.220547
-0.283243
-0.232238
-0.208868
-0.329656
-0.470716
-0.025864
-0.142058
-0.334694
-0.382514
-0.096723
-0.410370
-0.605370
-0.559890
-0.752980
-0.482855
-1.003657
-0.919229
-0.819299
-0.867543
-0.720690
-0.744619
-0.863556
-0.633796
-0.917816
-0.869540
-0.551212
-0.150547
-0.129751
0.159669
0.146928
0.301361
-0.009080
-0.100931
0.116444
-0.184200
-0.308403
-0.298088
-0.305299
-0.452175
-0.517181
-0.114492
-0.319725
-0.110305
-0.285651
-0.156002
-0.182196
-0.266319
-0.196492
-0.185736
-0.212485
-0.219915
-0.234775
-0.181884
-0.163045
-0.106412
-0.075624
-0.400691
-0.442422
-0.473610
-0.442855
-0.401674
-0.471222
-0.150433
-0.203626
-0.530054
-0.414544
0.379190
0.389799
0.385432
-0.108541
0.022618
-0.029419
-0.079005
0.129861
0.309486
0.183644
0.435994
-0.069258
-0.129334
-0.057630
-0.063254
0.003775
-0.172440
-0.174352
0.122322
0.133855
0.082424
-0.408134
-0.147876
-0.395889
-0.451747
-0.560924
-0.326959
-0.437074
-0.450836
-0.525585
-0.482711
-0.379376
-0.666484
-0.285822
-0.337352
-0.346054
-0.291313
-0.185692
-0.004003
0.279296
0.517269
0.499218
0.526930
0.474424
0.789221
1.158891
1.084461
0.778260
0.980718
0.785668
0.720849
0.634212
1.176796
1.360305
0.370668
0.654258
0.980945
1.139150
0.747884
-0.043683
-0.108725
-0.163369
-0.026190
0.294452
-0.019359
0.072189
0.072681
-0.177236
-0.133326
-0.182840
-0.464941
-0.885488
-0.752046
0.052940
-0.380898
-0.465233
-0.510618
-0.166268
0.018098
0.217463
0.261746
0.415913
0.309395
0.378044
0.463422
0.316317
0.279482
0.144605
0.342283
0.215786
-0.078773
0.298997
0.486229
0.305526
0.438298
0.575819
0.730731
0.628025
0.461276
0.235037
0.233049
-0.159508
-0.269795
-0.118045
-0.134698
-0.149986
0.121548
-0.231667
0.157702
-0.064360
0.087191
-0.168447
-0.191207
-0.035186
-0.108638
0.004806
0.087520
-0.124081
-0.412225
-0.422059
-0.059501
-0.108792
-0.150811
-0.026420
-0.368105
-0.400607
-0.488833
-0.451685
-0.464030
-0.631243
-0.110094
-0.193324
-0.606093
-0.237935
0.264059
0.258013
0.353812
0.129949
0.109347
-0.056295
0.045606
0.140352
0.183138
0.000008
-0.011421
-0.270448
-0.172902
-0.206768
-0.132037
0.002533
-0.336748
-0.156829
-0.009578
0.072543
-0.023292
0.375398
-0.296226
-0.553499
-0.557581
-0.731693
-0.403050
-0.478984
-0.540497
-0.569192
-0.334227
-0.593744
-0.641741
-0.296383
-0.238543
-0.194103
-0.233887
-0.006570
0.196607
0.059963
0.048564
0.345526
0.337253
0.155678
0.411624
0.595955
0.274350
-0.019411
0.140590
-0.246978
-0.258198
0.052781
0.382368
0.464611
-0.054124
0.052024
0.051307
0.144696
0.080699
0.049465
0.023914
-0.022741
-0.321791
-0.281702
-0.044249
-0.090111
-0.077806
-0.002384
-0.079932
-0.026612
0.001615
0.070415
0.155027
-0.145419
-0.499495
-0.576188
-0.379914
-0.475696
0.046278
-0.006073
-0.039115
-0.187490
-0.188389
0.426290
0.144379
0.171956
0.248436
0.418883
0.441637
0.581523
0.628707
-0.019920
-0.271308
-0.117076
-0.023169
0.432902
0.218983
0.376581
0.308854
0.354414
-0.172707
0.099719
-0.000258
0.067659
0.170589
-0.011463
-0.345258
-0.071049
-0.258215
-0.009841
-0.108900
-0.081883
-0.173547
-0.159949
-0.109147
-0.205240
-0.165124
-0.037947
-0.060158
-0.167412
0.043716
-0.074152
-0.086351
-0.154049
-0.152858
-0.249493
-0.469798
-0.324858
-0.643400
-0.595808
-0.086286
-0.079111
-0.445277
-0.486357
0.266873
0.386172
0.198878
-0.179055
0.192948
-0.104121
0.014425
-0.175042
0.253613
0.037678
-0.045420
-0.095447
0.003419
0.021601
0.016863
-0.217189
-0.063562
0.336090
0.528647
0.480592
0.481448
-0.038706
-0.310423
-0.409998
-0.427502
-0.716005
-0.348377
-0.356959
-0.487643
-0.417218
-0.184882
-0.578260
-0.620842
-0.122768
-0.244955
-0.075363
0.254606
0.261403
-0.005776
0.078693
0.443953
0.516661
0.354459
0.182798
0.120426
0.063839
-0.125380
-0.165598
-0.154240
-0.263361
-0.316199
-0.131327
-0.276487
-0.319241
0.003013
-0.152324
-0.206891
-0.237645
-0.056621
0.265944
-0.025842
-0.023766
0.160269
0.230858
0.329641
0.086848
0.140226
0.107980
0.090557
0.061161
0.172131
0.517573
0.394575
-0.141953
-0.401083
-0.585849
-0.205061
-0.212316
0.158663
0.160654
0.076852
0.196053
0.306988
-0.231472
-0.000027
0.001402
-0.057141
-0.344050
-0.505600
-0.480273
-0.373980
0.313314
0.423716
0.256203
0.124357
0.089259
-0.136137
-0.114588
-0.166645
0.073685
0.326467
0.081648
0.429500
0.158575
0.161198
0.242986
0.254185
0.311058
0.348587
0.048253
-0.035240
0.074879
-0.024354
-0.071537
0.036057
0.042458
-0.059483
-0.118492
-0.219485
-0.133242
0.018477
-0.147705
-0.213186
-0.144061
-0.206776
-0.301949
-0.268822
-0.272237
-0.484669
-0.403459
-0.083627
-0.130158
-0.295663
-0.420723
-0.029911
-0.024111
-0.050918
0.074335
0.309596
-0.092934
-0.189798
0.207892
0.214258
0.179631
-0.041616
-0.198967
-0.227043
-0.044835
0.074265
0.126898
-0.256803
0.016073
-0.320174
-0.348274
-0.298360
-0.065051
-0.279618
-0.347588
-0.359446
-0.519026
-0.369684
-0.272447
-0.307182
-0.158099
-0.119209
-0.500145
-0.373805
-0.052073
-0.217489
-0.086941
0.398485
0.128888
0.289501
0.357647
0.156483
-0.140833
-0.178921
-0.087861
-0.127686
-0.241223
-0.170825
0.025693
-0.042931
0.008390
0.033941
0.124238
-0.199828
-0.268331
0.178207
-0.031820
-0.091351
-0.150225
-0.055488
0.050838
-0.137594
-0.094696
-0.235532
0.068521
-0.300383
-0.098107
-0.248838
-0.238726
-0.112156
-0.131024
-0.107810
-0.152593
-0.134469
-0.037700
-0.388762
-0.410093
-0.173775
0.082407
0.097637
0.150461
0.318289
0.142556
-0.093998
-0.237721
-0.246724
-0.199479
-0.136540
0.140264
0.192514
0.061968
-0.003675
-0.380437
-0.451475
-0.363900
-0.255331
-0.329880
-0.355541
-0.325495
-0.197433
-0.156871
-0.284074
0.092320
-0.030331
0.067315
0.115340
0.051981
0.062730
0.002301
-0.181841
-0.200699
-0.153172
-0.005725
0.007297
0.004995
-0.003293
-0.188362
-0.264980
0.067343
0.030482
-0.061454
0.043815
-0.083651
-0.005178
-0.069988
-0.152196
-0.208534
-0.055681
-0.182711
-0.123693
-0.150551
-0.015610
-0.108028
-0.128757
-0.134971
0.234124
0.372496
0.229180
0.191389
0.138694
-0.164604
-0.030801
-0.015004
0.102913
0.179491
-0.018538
0.089075
0.072763
-0.029155
0.006661
0.055388
0.037637
0.132763
0.216381
0.212890
0.151060
0.022451
-0.188801
-0.202898
-0.186774
-0.178953
-0.212378
-0.130230
-0.083047
0.008222
-0.056160
-0.208160
-0.062039
0.005270
-0.179019
-0.008634
0.250464
0.384315
0.032013
-0.041053
-0.102142
-0.057877
0.085542
0.248501
0.174555
0.014956
0.131890
0.233703
0.128403
0.254483
0.198612
0.100789
-0.040105
0.010615
0.142289
0.115424
0.190360
0.169018
0.227060
0.207287
0.012877
-0.089657
-0.003643
-0.022229
0.118550
0.036762
0.162045
0.256290
0.227781
0.263216
0.188280
0.094681
0.111741
0.257571
-0.231494
-0.150286
-0.079350
0.041174
0.005584
-0.018102
-0.114904
-0.047417
-0.042660
0.169801
0.087589
0.035874
-0.027526
-0.128705
-0.073767
0.003036
-0.018081
0.043422
0.025299
-0.027141
-0.126279
-0.068395
0.003817
-0.038965
0.132149
0.028786
0.176640
0.058213
0.142769
0.168920
0.060244
0.113738
0.176929
0.193413
-0.068644
-0.182397
-0.076886
-0.005388
-0.049996
-0.018530
0.025261
-0.073541
0.028980
0.000000
0.000000
0.000000
0.000000
0.000000
0.000000
0.004250
0.000000
0.003875
0.000000
0.000000
0.009000
0.000000
0.000000
0.000000
0.000000
0.000000
0.000000
0.005125
0.000000
0.000000
0.000000
0.000000
0.000000
0.000000
0.000000
0.000000
0.000000
0.000000
0.000000
0.000000
0.000000
0.000000
0.000000
0.005250
0.006375
0.006500
0.006500
0.000000
0.000000
0.000000
0.000000
0.000000
0.000000
0.000000
0.000000
0.000000
0.000000
0.000000
0.007125
0.000000
0.000000
0.000000
0.006750
0.007250
0.000000
0.008000
0.008250
0.008750
0.009125
0.000000
0.000000
0.009000
0.008625
0.008875
0.008625
0.008500
0.000000
0.000000
0.000000
0.000000
0.000000
0.000000
0.008125
0.000000
0.000000
0.000000
0.000000
0.000000
0.000000
0.000000
0.000000
0.000000
0.000000
0.002375
0.000000
0.000000
0.000000
0.008250
0.000000
0.000000
0.000000
0.000000
0.000000
0.000000
0.000000
0.000000
0.008375
0.008375
0.000000
0.008250
0.008125
0.000000
0.008250
0.000000
0.000000
0.009250
0.009625
0.009500
0.000000
0.000000
0.000000
0.000000
0.000000
0.000000
0.000000
0.000000
0.000000
0.000000
0.000000
0.000000
0.000000
0.000000
0.000000
0.000000
0.000000
0.000000
0.000000
0.000000
0.000000
0.000000
0.009500
0.000000
0.000000
0.013484
0.003520
0.003654
0.005589
0.004610
0.004886
0.005821
0.007229
0.009320
0.009986
0.014760
0.013348
0.018614
0.014079
0.048869
0.014542
0.024774
0.295963
0.204217
0.107306
0.012845
0.008516
0.002230
0.002736
0.059281
0.159225
0.153678
0.097370
0.051541
0.006620
0.004982
0.005683
0.003773
0.032001
0.144410
0.195264
0.226525
0.257864
0.068167
0.031100
0.037386
0.039144
0.037294
0.034183
0.023162
0.018975
0.013456
0.010837
0.007567
0.008299
0.027153
0.024926
0.048698
0.113706
0.092885
0.064148
0.067457
0.079148
0.127430
0.146474
0.114416
0.069717
0.055134
0.051438
0.050943
0.055679
0.029563
0.016310
0.019374
0.021793
0.023437
0.033500
0.037954
0.037297
0.039354
0.049494
0.016001
0.001927
0.001980
0.003444
0.011766
0.010829
0.004509
0.006059
0.011564
0.019026
0.040190
0.032407
0.032117
0.031591
0.056765
0.027624
0.019663
0.015821
0.013666
0.019122
0.016222
0.022928
0.014713
0.054081
0.091651
0.100293
0.088309
0.070357
0.067673
0.054742
0.053157
0.054153
0.079422
0.075418
0.081356
0.056462
0.031478
0.030414
0.027028
0.019336
0.014556
0.003746
0.002823
0.002863
0.006260
0.004027
0.005189
0.004839
0.004436
0.018742
0.002215
0.002269
0.002509
0.002002
0.001917
0.001764
0.001786
0.001780
